
salidas_nodos
4100	484	[35951, 16277, 16281, 20156, 22069, 38519, 16279, 16275, 20153, 35952, 16272]
4184	516	[25080, 25078, 20840, 38083, 38076, 36242, 23828, 23817, 36240, 16702, 20871, 20865, 38080, 23825, 20868, 38077, 33189, 16700, 16698]
4215	527	[90, 5656]
4386	572	[16467, 16465, 21481, 16463, 16460]
5354	842	[21494, 23564, 23563]
6823	1741	[7963, 13822, 7967, 13934, 7982, 20689, 6438, 13943, 6818, 7965, 13837, 33210, 33212, 33208, 13946, 6444, 13985, 6439, 15468]
6824	1742	[6821, 13976, 37209, 39166, 13979, 6813, 13982, 6819, 6826, 10726, 6815, 6828, 6827, 21652, 6811, 14006, 37200, 14012, 21649, 6443, 10723, 6442, 15483, 13988, 6441, 6440, 15471]
6825	1743	[7943, 13937, 7946, 13828, 7966, 13834, 6437, 13819, 6436, 13940, 15474]
14295	4181	[33692, 7619, 33706, 13077, 7636, 13098, 7615, 7641, 21120, 33718, 21114, 5983, 38318, 33709, 13074, 14312, 13092, 33724, 21111, 13086, 5982, 5981, 5980, 13095, 33695, 33699, 7635, 14277]
14298	4182	[7624, 13161, 14309, 7622, 33686, 7633, 13200, 7625, 13197, 13194, 5969, 13158, 5978, 5979, 7626, 14278]
14337	4192	[21671, 6696, 6715, 6718, 13218, 6908, 10289, 34768, 6905, 7112, 10903, 10909, 34798, 6018, 7116, 10326, 34755, 7117, 10323, 7111, 10900, 34761, 6019, 6020, 10906, 6017, 10915, 13209, 6016, 10277, 6706, 6912, 10299, 6719, 10283, 6907, 10286, 13248, 8034, 5996, 34501, 13587, 6703, 34551, 21701, 21692, 10247, 5997, 10268, 6708, 6009, 6695, 14324]
14340	4193	[6682, 13530, 13548, 10232, 7556, 10208, 10220, 7515, 13122, 10226, 35618, 10238, 7582, 13134, 6716, 13182, 7586, 7588, 13155, 8010, 13191, 6010, 13176, 6014, 13170, 7551, 6004, 6694, 14325]
14343	4194	[7547, 10097, 10103, 6697, 6700, 10109, 6000, 10256, 5999, 6704, 13590, 6684, 13539, 6688, 13575, 13581, 26300, 26304, 13578, 7516, 38304, 38302, 13452, 13458, 13545, 6001, 10259, 6690, 5998, 10244, 6710, 14323]
14346	4195	[10271, 7581, 13137, 13185, 7587, 13152, 13188, 6726, 13227, 35195, 34785, 13224, 25620, 6011, 13215, 6713, 6013, 10274, 7558, 10211, 10223, 10241, 7585, 13179, 13173, 7549, 10094, 6691, 10100, 7509, 13533, 6002, 13551, 6003, 10235, 14354, 6692, 6021, 10296, 6022, 6711, 14322]
14372	4204	[25612, 12812, 6728, 13236, 6723, 13251, 6029, 13263, 6027, 25595, 25586, 34149, 25585, 25587, 33075, 6024, 7086, 14361]
14375	4205	[7081, 7091, 11020, 35551, 11050, 11068, 6057, 14256, 7085, 14360]
14378	4206	[7186, 11032, 7199, 11056, 35558, 11053, 6055, 11071, 14259, 7084, 34489, 34493, 6976, 6979, 6974, 11104, 34173, 6058, 35544, 11083, 11089, 6050, 7078, 7080, 13293, 7183, 11035, 11059, 7198, 7193, 11077, 35542, 35546, 7192, 7196, 11044, 11245, 6053, 11074, 6052, 11080, 6051, 11086, 6977, 6047, 6048, 35206, 7082, 6046, 7087, 14363]
14383	4207	[25518, 6725, 23372, 23364, 25523, 25567, 25569, 13260, 10975, 13284, 25529, 25532, 34959, 34965, 7184, 34894, 11002, 7185, 34878, 34891, 11005, 6042, 6043, 10996, 33011, 10990, 33009, 6033, 34844, 10987, 7177, 11029, 10999, 25534, 13290, 11023, 6044, 10993, 7099, 6060, 13287, 7088, 25572, 14362]
14419	4215	[7217, 11206, 12226, 7045, 12277, 7224, 12283, 6112, 7230, 11215, 7052, 12223, 7218, 11209, 7233, 11212, 7049, 12220, 6113, 6114, 12229, 7235, 7247, 7250, 7059, 11134, 11203, 11230, 11224, 6111, 12289, 6109, 14409, 14399]
14422	4216	[36257, 12295, 7227, 7273, 6986, 12147, 12193, 12259, 36255, 12298, 7228, 6104, 33552, 33543, 12262, 6105, 6103, 12286, 14415, 14400]
14428	4217	[7053, 12217, 7042, 12235, 7054, 12214, 7043, 12232, 6873, 12087, 12117, 7048, 12199, 7056, 12205, 6090, 35411, 12181, 6982, 6983, 6988, 12102, 6871, 12114, 6872, 12090, 6870, 12111, 33780, 6987, 12099, 6086, 6087, 12120, 6088, 6089, 12211, 7046, 6096, 6097, 12280, 7219, 14402]
14431	4218	[7248, 7231, 11227, 7244, 12334, 7251, 12307, 35454, 36251, 6106, 7243, 12337, 35458, 36253, 6108, 6107, 12310, 7249, 6110, 12292, 7220, 14403]
14451	4220	[7872, 7874, 7824, 11653, 7828, 7873, 11644, 7759, 11960, 11966, 11638, 6117, 7820, 11668, 7761, 11963, 11969, 6121, 11641, 7827, 6118, 11647, 6115, 11656, 6798]
14455	4222	[6781, 6779, 12020, 33854, 6135, 12014, 12032, 6125, 12038, 11674, 6796]
14456	4223	[33866, 6782, 6780, 12023, 6134, 12017, 6131, 12035, 6130, 12041, 6794, 6126, 6797]
14467	4225	[6795, 11677, 7876, 7871, 11671, 21178, 7825, 11650, 7821, 11665, 7819, 6786, 12011, 7765, 11972, 7766, 11975, 7763, 11990, 6783, 12008, 6122, 7818, 11987, 7764, 11993, 6784, 12005, 6124, 6123, 11984, 14486, 6120, 6788, 11662, 6119, 11659, 6116, 14463, 14470]
14514	4238	[6773, 12732, 6876, 6771, 12059, 6869, 12105, 6081, 6082, 12744, 6083, 12750, 6888, 34284, 12765, 6885, 6774, 12735, 6971, 12759, 6772, 12062, 6868, 12108, 33156, 12747, 6084, 12753, 6886, 6078, 6069, 6764, 21751, 14502]
14517	4239	[7720, 12695, 33106, 33104, 12701, 6750, 6890, 12775, 12738, 6745, 12720, 6740, 12778, 12741, 6070, 6068, 12689, 6080, 6765, 14501]
14525	4240	[6775, 21689, 6769, 12677, 36357, 36355, 39557, 36348, 33174, 36362, 6777, 6776, 21686, 6076, 39549, 39551, 33416, 6763, 35956, 14506]
14528	4241	[6884, 6736, 6737, 6743, 6741, 6744, 5976, 6064, 6063, 12784, 12781, 6061, 21755, 6761, 14505]
14531	4242	[6735, 6738, 21693, 6762, 14504]
14570	4248	[7862, 7832, 7813, 7817, 11614, 7776, 7780, 7786, 11909, 6153, 21157, 6148, 21163, 7836, 7842, 11572, 7854, 11584, 7807, 11879, 7781, 11903, 7815, 11921, 6152, 11915, 6146, 11587, 7837, 6143, 21166, 6138, 7863]
14573	4249	[7861, 7839, 11590, 7829, 11620, 11599, 7812, 7777, 21154, 7822, 11635, 11611, 6149, 21160, 7833, 6145, 21169, 6139, 7864]
14576	4250	[7866, 7831, 11596, 7830, 11617, 7771, 11942, 11623, 6144, 11605, 7870, 7865, 7875, 11629, 7816, 7823, 11632, 7772, 11945, 6150, 11626, 11608, 7867, 6137, 6136, 11602, 7859]
14579	4251	[7853, 7840, 7841, 11575, 7806, 11882, 7784, 11900, 7814, 11918, 6151, 11912, 6147, 11581, 7855, 7852, 7811, 11563, 11566, 7851, 7810, 11560, 11569, 7846, 20709, 11557, 6141, 6142, 11578, 7857, 6140, 11593, 7860]
14607	4256	[6844, 6839, 37760, 13876, 6155, 14609, 14621]
14608	4257	[6843, 6817, 39113, 39111, 39115, 39109, 13997, 6835, 13994, 6837, 10732, 6838, 13888, 6162, 6855, 21664, 6830, 14018, 6831, 21655, 6829, 14015, 6816, 13991, 10720, 6833, 6832, 21658, 6834, 21661, 14638, 6165, 14632, 14021, 6167, 10729, 6161, 6160, 13885, 21668, 14612, 14624]
14661	4269	[7347, 7023, 14165, 14189, 7027, 14168, 14192, 7348, 14207, 6175, 6174, 6170, 6169, 14658]
14664	4270	[7344, 42246, 42270, 42271, 7345, 7342, 14204, 7295, 36599, 36601, 7274, 6173, 6172, 21326, 6171, 14653]
14671	4272	[13967, 13961, 6183, 13952, 6800]
14674	4273	[6801, 6820, 13964, 13958, 6812, 14000, 6803, 40646, 14003, 6179, 6178, 13955, 6182, 13949, 20686, 6799]
14698	4281	[6933, 6934, 6941, 20216, 6202, 10608, 10611, 6661, 6948, 6950, 6947, 6938, 10617, 6951, 20975, 6200, 6201, 10614, 6199, 20109, 6198, 6658, 6968, 22084, 20228, 22081, 10602, 10596, 10590, 6657, 14725, 14694]
14701	4282	[6654, 21619, 25789, 7452, 20136, 7438, 6210, 6211, 10641, 7440, 10635, 10629, 6660, 6659, 7442, 10638, 6215, 6216, 10632, 6662, 7450, 10626, 10623, 10620, 6217, 20118, 6214, 6213, 20112, 6212, 6656, 14693]
14707	4283	[7437, 10644, 6207, 6650, 21622, 38795, 38797, 33165, 6952, 10584, 6205, 21561, 6653, 21605, 22098, 21625, 38892, 38899, 6956, 21637, 21616, 6967, 10599, 6940, 20219, 20222, 6965, 21640, 10605, 6966, 10581, 15741, 6953, 21610, 6209, 21613, 6203, 6208, 10593, 38894, 6206, 10587, 6204, 6655, 14695]
14751	4293	[34650, 7680, 12625, 12622, 12002, 6188, 11981, 6189, 12619, 34648, 34646, 34644, 7760, 12616, 34630, 12653, 7724, 34626, 35638, 12610, 12613, 34632, 12650, 7723, 34623, 6191, 12601, 7727, 14752]
14755	4295	[7726, 12598, 35313, 12577, 20723, 7717, 21141, 12517, 35285, 7691, 12568, 12574, 6193, 6192, 14736, 14745]
14758	4296	[7758, 11957, 7754, 11933, 7770, 11936, 6186, 7774, 11927, 7767, 11948, 7769, 7773, 11930, 7768, 11951, 6197, 6196, 11939, 6778, 11999, 11978, 11954, 7755, 6187, 6190, 12580, 14733, 14746]
14773	4301	[7246, 12319, 11314, 7229, 11221, 11311, 7232, 11218, 11308, 7333, 11323, 6235, 6236, 11326, 6237, 7241, 11239, 11335, 14831, 12388, 7296, 11236, 11332, 7245, 12322, 14834, 12391, 14818, 14823, 11317, 6234, 39992, 14797]
14774	4302	[7356, 11488, 7360, 11371, 11398, 7381, 11482, 7334, 11503, 6220, 7359, 11374, 11401, 7383, 11485, 7355, 11491, 6221, 14813, 11500, 7335, 7358, 11338, 7330, 11383, 7378, 11476, 11341, 6218, 6219, 11380, 7338, 14809, 14798]
14775	4303	[7340, 21735, 7387, 20674, 20679, 7389, 11521, 7390, 11524, 7351, 21742, 11515, 6229, 6228, 11509, 6224, 6223, 22285, 6222, 39973, 11377, 7339, 14799]
14776	4304	[7257, 12385, 7242, 12370, 7259, 12379, 35474, 14837, 12382, 14845, 12361, 7258, 12364, 35470, 14828, 12367, 14840, 12358, 7260, 12346, 12352, 7341, 7266, 12349, 12355, 6243, 6242, 12376, 6241, 6240, 12373, 6239, 6238, 11329, 39994, 7337, 14800]
14911	4338	[7735, 12469, 7730, 7736, 12466, 6267, 6266, 11870, 7711, 7734, 7738, 12463, 7731, 12514, 6270, 12478, 12472, 7733, 12481, 20922, 12475, 7716, 21145, 23534, 7732, 12511, 20919, 12508, 6271, 12505, 6269, 6268, 12460, 7709, 14898, 14896]
14914	4339	[14873, 14883, 7699, 7701, 12424, 12436, 7698, 7663, 12445, 34468, 23493, 23495, 7700, 12421, 12433, 6252, 6253, 11864, 14860, 23538, 34470, 38423, 23498, 25631, 11843, 7655, 7650, 12415, 7664, 12439, 6256, 12427, 11858, 6257, 7652, 7667, 12442, 40016, 7651, 12418, 6254, 12430, 11861, 6255, 11831, 14863, 34566, 6244, 7707, 14895]
14917	4340	[14867, 7743, 11834, 11810, 7744, 11837, 11813, 7751, 6261, 11822, 6263, 6262, 11825, 34516, 11849, 34512, 11846, 7742, 11789, 11852, 7706, 7798, 11756, 11759, 11792, 11855, 7702, 24510, 6259, 7649, 12412, 38968, 38972, 38969, 12409, 7704, 6258, 11840, 6264, 6265, 11828, 6260, 7708, 14894]
14920	4341	[7666, 7659, 12523, 7660, 7665, 7658, 12520, 6250, 6251, 12448, 11867, 7695, 7697, 12451, 7671, 12496, 6248, 12484, 7696, 12454, 7693, 12493, 7668, 12499, 6249, 12487, 35273, 12502, 6247, 6246, 12457, 14880, 14876, 14887, 14893]
14928	4344	[6701, 13594, 25495, 7131, 10055, 10846, 6685, 13597, 6920, 13648, 6281, 10858, 21776, 20718, 21777, 7123, 10864, 7129, 10831, 6919, 10849, 6282, 10852, 6280, 10861, 6279, 10873, 6918, 14945]
14929	4345	[6699, 10115, 7121, 10127, 10121, 6909, 6911, 7114, 10314, 7126, 10870, 10311, 6274, 10305, 6273, 10302, 6277, 6917, 14944]
14931	4347	[7125, 10867, 21718, 21720, 7122, 10124, 7115, 14958, 14964, 14967, 14972, 14969, 14960, 10308, 6272, 10118, 6915, 14946]
14932	4348	[6914, 10262, 6910, 10265, 6698, 10106, 6707, 10250, 6913, 10253, 6278, 10112, 6276, 6916, 14947]
14975	4359	[15023, 6673, 13624, 6949, 13630, 15047, 6292, 10750, 6672, 13627, 6946, 13633, 15041, 6291, 10747, 6943, 21709, 10741, 10744, 13554, 6284, 6283, 13557, 6929, 6930, 6925, 6939, 10792, 6945, 21712, 6671, 24721, 15044, 13639, 6289, 13642, 6285, 10798, 15030, 24717, 13621, 24715, 13563, 15053, 6664]
14976	4360	[15018, 15020, 10662, 15026, 6678, 13566, 6922, 13606, 6679, 13569, 6702, 13584, 13600, 6924, 13609, 6296, 6295, 13612, 6686, 6687, 15062, 13572, 6297, 13603, 13615, 21704, 20269, 21706, 6942, 10795, 6926, 15036, 6944, 21715, 6670, 24719, 15050, 13636, 6290, 13645, 6286, 10801, 6931, 6932, 13618, 6294, 6293, 13560, 6626, 6665]
14982	4362	[14999, 15001, 15004, 15010, 40691, 15014, 6669]
14983	4363	[15089, 13485, 13419, 7489, 13413, 15083, 13482, 13416, 6298, 15092, 13518, 6301, 10650, 15059, 6681, 6674, 10653, 13524, 7512, 13467, 7506, 13470, 6683, 13476, 15075, 15086, 7513, 13464, 7505, 13473, 15080, 6300, 6299, 13479, 6304, 13536, 6287, 14990, 10659, 14996, 14993, 6668]
15107	4399	[7496, 7499, 7497, 7500, 6330, 6331, 13386, 7498, 13389, 7503, 13398, 13392, 7488, 38867, 38869, 7504, 13401, 13395, 6328, 6329, 13377, 6332, 6333, 13374, 7521, 13428, 7507, 13425, 7520, 13431, 6335, 6336, 13422, 38761, 38306, 7540, 7541, 20039, 7519, 7502, 13446, 7546, 21172, 13038, 35595, 13440, 13437, 6340, 7518, 7501, 13449, 7545, 21175, 35247, 21982, 21765, 35251, 21762, 35254, 35257, 13041, 35591, 13443, 13434, 6339, 21093, 6334, 20087, 10717, 15099, 15098]
15116	4401	[37107, 13323, 13344, 7543, 21090, 7523, 13350, 7536, 13362, 7526, 13329, 7537, 13359, 7525, 13326, 7524, 13347, 7522, 13353, 6314, 6315, 6316, 13356, 6313, 21096, 6311, 6310, 20084, 6309, 15096]
15119	4402	[40351, 13338, 40336, 7487, 13380, 13383, 13503, 13365, 20061, 7479, 20055, 7478, 20052, 7477, 20049, 7475, 7476, 20046, 6324, 6325, 13368, 6320, 6321, 6326, 7483, 20058, 7484, 7485, 7474, 7486, 20043, 6322, 6323, 13371, 6319, 6318, 6327, 20064, 6317, 37704, 37708, 38565, 38562, 7456, 13299, 40802, 38560, 38563, 13308, 7459, 7455, 7458, 13302, 20070, 38531, 38534, 38530, 7457, 6308, 13305, 6306, 6307, 40068, 37705, 20067, 38992, 6305, 7482]
15127	4405	[7538, 10205, 15168, 7559, 7544, 10214, 7577, 21099, 6373, 10181, 6374, 10175, 15209, 7539, 10202, 15162, 7557, 7542, 10217, 7576, 21102, 6372, 10178, 6375, 10172, 15203, 15189, 7534, 15186, 40065, 10082, 10076, 15174, 7548, 10091, 10088, 10085, 10079, 15177, 10199, 15212, 15215, 24936, 7569]
15130	4406	[7595, 13002, 15165, 12996, 7580, 13050, 13008, 6376, 12951, 15142, 7572, 7597, 12993, 7593, 13005, 15171, 12999, 33727, 13011, 6377, 12954, 6379, 15158, 15138]
15131	4407	[7532, 10193, 12918, 15248, 7531, 10190, 12915, 15153, 37195, 37189, 37187, 7563, 12924, 6381, 36440, 12930, 7561, 10163, 10169, 15206, 15200, 7560, 10160, 41039, 7527, 7529, 35987, 15226, 6384, 12936, 10187, 15236, 10067, 10073, 15192, 7528, 7562, 10184, 40686, 7530, 6383, 10064, 36050, 10070, 15183, 7533, 15196, 10196, 6386, 6387, 12939, 7571, 15220, 15146, 15137]
15132	4408	[7570, 15151, 7598, 12942, 7603, 12909, 15251, 7609, 12906, 12903, 6385, 7607, 12900, 12897, 15229, 15232, 12921, 7564, 15254, 12933, 6380, 6378, 15136]
15265	4445	[7075, 7271, 7050, 7051, 6359, 11146, 6352, 11131, 34294, 11101, 7076, 11095, 7074, 11119, 7202, 11152, 11113, 6345, 7063, 7079, 11092, 7200, 11122, 7197, 11164, 11149, 6357, 11110, 6348, 6344, 11116, 7073, 7072, 6341, 7071, 15271]
15266	4446	[34307, 11128, 7070, 15272]
15277	4450	[7270, 20928, 7269, 7065, 20934, 7215, 7213, 20937, 7212, 20946, 6355, 6354, 6353, 7067, 15284]
15278	4451	[7201, 11125, 11242, 7066, 20931, 11143, 42528, 7207, 7234, 11233, 11170, 7194, 11179, 11155, 7205, 6351, 11161, 6343, 11140, 7069, 15283]
15279	4452	[7206, 7209, 7210, 20943, 20952, 6350, 11158, 7214, 7211, 20925, 7216, 7239, 11200, 6360, 20940, 6356, 20949, 6349, 7068, 15285]
15310	4459	[7319, 7371, 11299, 7180, 7195, 11248, 11047, 35578, 7176, 11065, 7321, 11263, 7301, 11284, 35554, 11269, 6368, 11278, 6365, 7320, 11260, 7187, 11266, 7299, 21732, 21729, 11287, 6367, 11281, 6364, 11275, 7191, 11251, 11254, 25662, 34478, 25493, 37807, 34725, 34731, 34734, 7302, 25666, 25668, 25664, 34726, 11257, 37809, 7322, 37813, 37816, 6369, 6370, 11293, 11290, 6366, 6363, 15317]
15311	4460	[15331, 7318, 7317, 20464, 36285, 6361, 35677, 7182, 7168, 11038, 11041, 34875, 11026, 6041, 7179, 7178, 11062, 11272, 6362, 15326, 15318]
15312	4461	[7372, 11296, 15323, 15319]
15336	4469	[7888, 7890, 20441, 6396, 13693, 36022, 37036, 38668, 36079, 36085, 36023, 36075, 13699, 7942, 15346]
15337	4470	[34587, 39105, 39106, 20446, 36137, 23836, 23830, 13690, 13696, 6397, 7941, 15349]
15338	4471	[24649, 38836, 38837, 34595, 36142, 21923, 38838, 24647, 7929, 7930, 34572, 6408, 20343, 7928, 20349, 20346, 20338, 20340, 38724, 36405, 38710, 38700, 38709, 38713, 38711, 38701, 38666, 36427, 36406, 6406, 6407, 13708, 6398, 13705, 15352, 15355]
15358	4477	[7932, 7921, 20317, 38786, 13756, 7922, 40510, 20320, 6392, 6393, 13753, 13750, 35667, 13747, 6388, 13711, 7939, 20302, 7938, 20305, 7937, 20311, 36088, 36090, 7924, 7936, 20314, 7920, 7935, 13744, 7907, 13738, 35535, 6409, 20326, 37679, 38688, 35538, 38671, 38686, 38683, 37680, 7923, 6395, 20330, 6394, 20308, 6391, 6390, 20299, 6389, 7940]
15375	4483	[38598, 35845, 36157, 36215, 36164, 36159, 38635, 36375, 36161, 37711, 36213, 36209, 36370, 36211, 37712, 36546, 36117, 36266, 41942, 41947, 36109, 36367, 36145, 36444, 36146, 38608, 38587, 36148, 41944, 37024, 41939, 36207, 36424, 38538, 36171, 38585, 37509, 38660, 36274, 37514, 38293, 37525, 37532, 37535, 36217, 36469, 36218, 38865, 36055, 38632, 37748, 38358, 38360, 35672, 35674, 37861, 38629, 38581, 35656, 36175, 38863, 35658, 36220, 35712, 37516, 36270, 7415, 38583, 36168, 36112, 10473, 36154, 15364, 15361, 6412, 7310, 15394]
15376	4484	[7308, 10476, 10470, 22093, 15368, 7402, 7416, 7404, 10496, 6410, 20449, 10489, 10482, 20276, 10479, 10467, 7309, 15384, 15381]
15388	4487	[36106, 38604, 38605, 7312, 10464, 36490, 36484, 36487, 38600, 38691, 38693, 20459, 37033, 38601, 20460, 10461, 38696, 7365, 10437, 7364, 10431, 7366, 10434, 6415, 6414, 10452, 38697, 7368, 10440, 10446, 7367, 10443, 10449, 7403, 10492, 10485, 6417, 6416, 10455, 6413, 10458, 39956, 6411, 15371, 15389]
15405	4493	[6802, 13903, 7896, 13804, 15411, 7877, 13900, 35344, 13912, 7902, 13801, 7878, 20394, 13786, 7898, 7879, 13783, 38831, 38829, 38834, 38825, 39154, 38823, 7903, 38827, 13798, 6184, 6185, 13807, 35346, 6419, 6418, 6805]
15406	4494	[7900, 13810, 6807, 13916, 6806, 13919, 7944, 13925, 7901, 13813, 7968, 13922, 15414, 13906, 6422, 6421, 6420, 13909, 6804]
15423	4499	[7003, 7005, 7004, 21323, 7010, 7013, 7014, 14135, 6435, 7294, 14138, 7015, 7017, 7292, 14201, 14195, 7016, 14198, 6432, 14132, 6433, 14129, 6423, 7006, 15435, 15427]
15424	4500	[7021, 14096, 7032, 14090, 7030, 14171, 7022, 14105, 14177, 7029, 14174, 7020, 14180, 7291, 14183, 15458, 6428, 14093, 6426, 6427, 14102, 7019, 7018, 7293, 14186, 6431, 6430, 14108, 6429, 14114, 7007, 15430]
15445	4506	[7011, 38225, 6853, 21359, 14120, 38226, 14123, 6434, 14126, 15439, 15452]
15446	4507	[37574, 40309, 40306, 37172, 37174, 7028, 14084, 7033, 7001, 14075, 7024, 14081, 6424, 7002, 40625, 40626, 38961, 14078, 6425, 14087, 37746, 37331, 38964, 37351, 38957, 38959, 38955, 40630, 38966, 39170, 39168, 37433, 38953, 37423, 37434, 37348, 37743, 37333, 14099, 37169, 14111, 15442, 15453]
15496	4522	[7414, 7386, 11473, 11470, 15506, 7412, 11434, 11431, 40725, 40032, 40034, 38414, 7405, 36517, 7406, 40029, 7407, 11428, 6449, 11425, 6448, 11407, 40721, 11416, 6450, 7397, 6460, 11458, 7399, 11455, 7357, 11479, 11461, 6458, 6459, 11422, 7400, 38803, 38800, 37656, 37660, 37657, 11419, 7408, 38988, 38990, 7401, 38805, 38809, 38810, 7373, 39117, 15512, 11497, 11362, 6455, 38806, 38813, 11395, 6452, 38986, 11404, 6451, 11410, 11413, 6457, 6456, 15502, 15497]
15518	4528	[7380, 7384, 11467, 7379, 20994, 6454, 11449, 11443, 7382, 7385, 11464, 15515, 11494, 6453, 11452, 11446, 42275, 7413, 7392, 12394, 7391, 21748, 7354, 36248, 7353, 7393, 12397, 7352, 7394, 12400, 7350, 7395, 12403, 7349, 7396, 12406, 7343, 21745, 6233, 6232, 21739, 6230, 6231, 11518, 6225, 11506, 6227, 6226, 7388, 20682, 36019, 36015, 11437, 6446, 6445, 11440, 7411]
15525	4530	[7782, 11894, 7783, 11897, 7779, 21151, 7753, 7778, 21148, 6466, 6467, 11924, 6465, 6464, 11891, 7737, 25502, 34519, 11819, 7741, 34523, 11816, 34507, 34504, 11801, 25499, 6461, 7747]
15526	4531	[7808, 11876, 7785, 11885, 6463, 7775, 11906, 11888, 6462, 15574, 11696, 11707, 11873, 7803, 11713, 21077, 11746, 6487, 7752, 11786, 39962, 21080, 11749, 6486, 21068, 15537, 15534, 7746]
15541	4536	[7787, 21071, 39965, 11783, 7804, 11710, 21074, 11743, 11698, 11704, 7809, 11701, 7845, 7847, 11548, 7843, 11551, 6468, 11542, 36383, 7801, 36378, 11680, 11725, 6473, 6484, 11716, 6485, 11780, 11804, 6483, 11807, 15558]
15544	4537	[7799, 11753, 11762, 11795, 7791, 11765, 7790, 11768, 6479, 6480, 7789, 11771, 7788, 11774, 6482, 6481, 11798, 15565, 15556]
15561	4542	[38728, 39989, 7848, 11545, 14591, 11554, 14585, 7849, 11530, 7850, 11527, 7796, 7797, 6472, 11536, 6470, 6471, 11533, 6469, 11539, 7795, 11731, 7794, 11734, 6476, 7800, 11728, 7793, 11737, 7792, 11740, 6478, 6477, 6475, 11722, 6474, 11719, 11777, 15568, 15557]
15582	4548	[38944, 38945, 38948, 7375, 11392, 7324, 7329, 11386, 6495, 11350, 7374, 11353, 7328, 11347, 7377, 11356, 15595, 6499, 11368, 6498, 7327, 11344, 15597, 26338, 7376, 11359, 6496, 11365, 6497, 6494, 15578, 15581]
15583	4549	[34722, 11389, 7361]
15612	4556	[7959, 14213, 20740, 7960, 7961, 7964, 13831, 14253, 7962, 14250, 20755, 6501, 6502, 14237, 6503, 14228, 6504, 14225, 7969, 15613]
15618	4558	[7954, 20746, 7955, 20749, 7951, 20752, 7947, 13825, 14247, 7950, 20758, 6506, 6507, 14234, 14222, 6510, 6511, 14216, 7953, 14241, 7952, 14244, 7949, 20761, 14231, 6508, 23765, 23767, 24929, 33004, 24927, 24932, 24924, 6509, 14219, 14210, 20743, 6505, 15602, 7972]
15629	4561	[7883, 20435, 13762, 7891, 13732, 7895, 13768, 7904, 20423, 7905, 20420, 7906, 20426, 6514, 6515, 13765, 6521, 7885, 13726, 7889, 13720, 7886, 13723, 7908, 13735, 6518, 6517, 13729, 25089, 25087, 7884, 13759, 6516, 6513, 13771, 7893]
15632	4562	[7882, 20429, 7894, 7897, 20397, 20405, 7957, 20417, 20411, 15624, 7881, 20432, 7956, 20414, 20408, 7899, 13795, 7880, 20438, 13780, 6519, 27560, 6520, 6512, 7892]
15642	4565	[6631, 6643, 6639, 21572, 21628, 6638, 21569, 38331, 6634, 36466, 21578, 22091, 16391, 24957, 16388, 21575, 10061, 6523, 6524, 10058, 6522, 6629]
15650	4567	[6627, 6628, 33051, 6632, 10521, 10512, 6642, 6633, 10524, 10515, 34183, 34185, 6641, 10518, 20203, 6526, 6525, 21566, 6630, 15639, 15643]
15653	4568	[36556, 38719, 38717, 38722, 38791, 38788, 36584, 36589, 36596, 36591, 36582, 36585, 36232, 7934, 7933, 13774, 36557, 13777, 7970]
15660	4570	[7973, 20735, 20732, 20737, 15657]
15664	4571	[38664, 7958, 20764, 6500]
15680	4577	[7136, 15677]
15681	4578	[7141, 10813, 15670, 15673]
15682	4579	[36224, 7134, 33963, 10876, 7160, 10344, 7119, 10350, 7163, 10341, 7159, 10882, 33882, 10347, 6528, 6529, 10855, 6530, 10837, 10825, 6532, 7137]
15692	4581	[7130, 10834, 10822, 24953, 24733, 7144, 10789, 10810, 7135, 7146, 10783, 6928, 10043, 7148, 10780, 7139, 10040, 6927, 10046, 7128, 10819, 6534, 6535, 7132, 10049, 6921, 10840, 7133, 10052, 22259, 10828, 6923, 15705, 15703, 15707, 15700, 10843, 6537, 6536, 10816, 6533, 10037, 7138, 15694, 15693]
15720	4591	[7432, 36082, 7430, 15717, 15722]
15725	4593	[7418, 7433, 7419, 7434, 40608, 7428, 38980, 38981, 20150, 6538, 34560, 34562, 7423, 7427, 39250, 39248, 40734, 40728, 7429, 6540, 6539, 7431]
15731	4595	[7156, 40399, 7417, 41978, 20239, 7157, 42065, 42063, 24532, 24530, 6541, 22087, 20233, 20230, 7155]
15734	4596	[16729, 20229, 7153, 7150, 6937, 10768, 10762, 7149, 7140, 10807, 6936, 10771, 7147, 10774, 6542, 10765, 6548, 6547, 16584, 34270, 37749, 34251, 16581, 20263, 16577, 34265, 20257, 7151, 10756, 6935, 13687, 7145, 10777, 20266, 6545, 20225, 10753, 7152, 10759, 7142, 24952, 24735, 7143, 10786, 6549, 10804, 20260, 6546, 20254, 6543, 6544, 16726, 23449, 7154]
15767	4607	[6640, 21584, 15745, 21593, 34181, 6963, 10542, 6558, 10536, 6637, 21581, 15748, 21590, 40396, 6635, 21587, 15751, 22837, 15777, 6964, 10539, 6557, 10533, 6644, 20206, 6636, 10530, 10527, 6553, 40079, 20207, 6554, 6555, 35961, 6645]
15769	4609	[7420, 21596, 15790, 7421, 21634, 15781, 6648, 15796, 6646]
15770	4610	[15754, 6955, 21607, 21631, 37683, 37684, 37876, 37873, 37875, 37880, 37877, 6962, 6551, 10551, 10545, 15793, 15760, 6652, 38890, 6961, 10554, 15757, 6651, 21602, 38513, 6556, 6559, 10548, 15787, 6960, 10563, 10557, 6959, 10566, 10560, 6957, 10575, 10569, 6649, 6954, 6958, 15738, 6563, 10578, 10572, 6562, 6564, 26680, 6561, 6560, 20211, 15801, 15808, 22078, 6647]
15815	4620	[7453, 7462, 13654, 7446, 13663, 7460, 20147, 6582, 20140, 7425, 15823, 25445, 7426, 15826, 13657, 6579, 7464, 7463, 13651, 7469, 13512, 39786, 7461, 6580, 20144, 6581, 7454, 13660, 7447, 7443, 13666, 7445, 13678, 6573, 20127, 7451, 20115, 20121, 25792, 7439, 13669, 7448, 7441, 13672, 7444, 13681, 6572, 20124, 6571, 6570, 13684, 6569, 7435]
15816	4621	[7468, 7449, 13675, 7466, 38020, 38026, 38029, 7465, 7467, 21764, 7472, 13494, 13497, 38540, 38541, 13500, 7470, 7471, 7473, 13506, 13509, 6578, 6577, 13515, 6576, 6575, 6574, 20133, 20130, 7436]
15833	4625	[7975, 7974, 20729, 6565, 22601, 7977]
15834	4626	[7976, 21643, 22501, 7979, 21212, 7981, 21209, 37379, 37323, 7980, 21646, 6567, 6566, 7978]
15845	4628	[21332, 21334, 21340, 6995, 21346, 21343, 9773, 14033, 7036]
15848	4629	[40222, 34353, 7277, 6999, 14057, 7031, 14072, 7290, 14147, 14063, 6588, 14048, 37576, 7276, 14141, 7025, 14159, 14153, 6586, 14042, 37580, 6585, 7034, 14069, 6998, 6997, 14051, 7000, 14066, 6590, 14054, 7275, 14150, 7026, 14156, 7289, 14162, 37899, 37663, 37646, 14144, 6587, 14060, 6589, 14045, 6584, 14039, 40223, 14036, 21329, 7035]
15905	4649	[15903, 15895, 38375, 7284, 38400, 7167, 10371, 10335, 6621, 6620, 10142, 10145, 15898, 15901]
15906	4650	[33871, 33872, 33874, 33875, 33879, 33957, 33955, 34075, 33918, 15892, 10353, 7161, 10338, 33936, 42061, 7158, 6531, 10885, 33933, 33967, 10879, 7280, 33943, 10888, 33938, 33969, 33949, 15871, 7304, 10392, 7305, 10894, 7285, 10356, 7278, 10891, 6612, 10368, 6615, 10398, 15865, 15874, 7283, 10365, 7303, 10395, 7279, 7281, 7282, 7307, 10413, 37511, 6616, 6617, 10416, 35854, 38280, 38282, 38283, 35852, 7306, 6614, 10897, 6613, 10401, 6611, 6610, 7315]
15915	4653	[7313, 7369, 10425, 10419, 6609, 39016, 39018, 7370, 10428, 10422, 6608, 20272, 7363, 10404, 15880, 7362, 37725, 37715, 37728, 37716, 38589, 37717, 10407, 15877, 7316, 6618, 10157, 40011, 35665, 35662, 10154, 10151, 10148, 6619, 10410, 15868, 15887, 15884, 20284, 15864, 7314, 15916]
15928	4658	[6849, 6852, 6847, 6851, 13894, 6568, 13897, 15931, 6850]
15958	4665	[16018, 12972, 7662, 12538, 12975, 15988, 16012, 12882, 6603, 16000, 12888, 15991, 12981, 7661, 12541, 7645, 12984, 16006, 12885, 6596, 6595, 12978, 6602, 7611]
15959	4666	[7590, 13017, 12960, 7600, 7601, 12945, 7592, 13014, 12957, 6605, 7599, 7604, 12948, 15985, 12963, 6607, 6606, 12966, 7610]
15968	4668	[7596, 13020, 7644, 7669, 12532, 15994, 6594, 12987, 7594, 13023, 7616, 13026, 7670, 12535, 12990, 7614, 13029, 16015, 6601, 6599, 6600, 12969, 15973, 15979]
15969	4669	[7602, 12912, 7646, 12855, 7653, 12894, 15997, 6597, 12876, 7608, 7605, 12870, 16009, 7606, 7648, 12861, 12864, 6604, 12867, 7647, 12858, 7654, 12891, 16003, 6598, 12873, 6593, 6592, 6591, 12879, 15970, 15978]
16287	4775	[16311, 16313, 16309, 38638, 16290]
16288	4776	[38645, 38658, 38646, 37652, 16307, 16302, 16295, 16304, 37653, 20200, 16297, 38642, 38654, 16289]
16315	4787	[16341, 20571, 16340, 16347, 16351, 16349, 20574, 16344, 20568, 16333, 16332, 16324]
16317	4788	[16337, 20562, 16336, 20565, 16329, 16328, 16322]
16357	4804	[16386, 16380, 21555, 16383, 16359]
16358	4805	[41812, 16367, 16365, 16378, 16376, 40005, 21552, 16369, 25504, 16360]
16399	4820	[16413, 20163, 16420, 16431, 16423, 16429, 20166, 16427, 20169, 16422, 16418, 16415, 16400]
16403	4822	[16411, 16409, 16407, 16404]
16434	4836	[16445, 16449, 16446, 16436]
16437	4839	[16453, 16455, 16456, 16451, 16438]
16469	4852	[16473, 16478, 16475, 38222, 16470]
16495	4859	[16533, 16542, 16544, 20194, 23456, 16547, 20191, 16539, 16535, 16534]
16496	4860	[16531, 20187, 16505, 16504, 16501]
16550	4874	[16568, 36398, 37030, 36390, 36972, 16572, 38610, 38611, 36402, 36564, 38618, 38622, 38623, 16586, 34268, 36410, 36561, 36269, 16587, 38624, 20251, 38619, 36400, 38612, 38579, 38614, 16574, 36393, 36396, 16569, 16554]
16551	4875	[16566, 20242, 36543, 36388, 36386, 16555]
16552	4876	[16597, 16595, 20248, 37871, 16593, 20245, 16591, 16553]
16600	4894	[16646, 16638, 22299, 16630, 16632, 21037, 16634, 16639, 16648, 39100, 21040, 16643, 21043, 16603]
16601	4895	[16620, 16622, 16626, 16628, 16623, 16618, 16613, 16611, 16609, 21048, 16615, 16602]
16655	4917	[38092, 38090, 38086, 16688, 40037, 16690, 16684, 16695, 16686, 20856, 20812, 16692, 20809, 16667, 16669, 34349, 34346, 20859, 20806, 23407, 23406, 16661, 20843, 20818, 16659, 16679, 20815, 20837, 16674, 16720, 20827, 20824, 20789, 20791, 16724, 16722, 20821, 20797, 16717, 16704, 20780, 16709, 16710, 20800, 16706, 20862, 16713, 20783, 16716, 20786, 20794, 22036, 22039, 20803, 16676, 16663, 16681, 16665, 16657]
21833	5543	[20038, 22269, 21827, 21822, 21839]
21844	5546	[21850, 21830, 37317, 37313, 37314, 24262, 4166, 21836]
21892	5550	[21891]
23525	5988	[23508, 22696, 37837, 33679, 22703, 36578, 36576, 22692, 33680, 36580, 22699, 23513, 37843]
24796	6314	[24801, 24800, 24799, 24798]
34557	7110	[34425, 37702, 37697, 37696, 37692, 38911, 38912, 38907, 38905, 37217, 39289, 37214, 37213, 39224, 39223, 39222, 39221, 39218, 38901, 37693, 37687, 34434, 34428, 34427, 34426, 34421, 34408, 34406, 34402, 34400, 34396, 34385]
35994	7504	[21681, 21683, 35996, 36000]
37224	7852	[33643, 33641, 33632, 33634, 4082, 678, 22790, 23157, 23158, 23149, 23127, 22279, 24199, 22555, 22552, 24335, 40313, 40311, 40620, 24334, 24332, 24339, 33993, 33992, 33978, 33977, 33975, 33972, 24337, 23153, 22275, 33635, 1471, 23442, 23446, 23441, 23440, 33126, 33125, 33122, 33121, 23391, 23390, 23389, 23387, 39459, 22118, 39281, 22117, 22113, 33049, 33047, 33045, 33043, 33041, 33133, 22901, 22900, 22899, 22898, 39468, 23318, 23317, 23313, 23314, 25000, 24998, 22846, 22845, 22844, 22843, 39124, 39123, 39128, 39125, 24566, 24564, 24562, 24560, 16045, 16042, 16041, 23216, 23215, 23214, 23212, 24508, 41975, 41957, 41956, 41955, 41954, 22486, 22485, 22484, 21051, 4234, 1538, 4814, 23543, 23542, 23540, 23541, 34240, 34236, 34231, 34230, 34087, 34086, 34090, 34078, 26294, 24295, 24311, 24290, 33036, 33035, 33034, 33033, 23769, 22858, 23053, 23058, 22856, 22855, 23167, 23166, 23165, 23164, 22495, 22548, 22493, 23416, 21053, 16130, 16129, 16128, 39318, 39319, 39308, 39305, 24449, 24447, 24445, 24417, 24615, 24613, 24611, 24609, 24460, 24458, 24406, 24412, 24433, 24431, 24429, 24427, 24475, 24473, 24470, 24472, 24456, 24453, 24451, 24398, 24468, 24466, 24464, 24462, 24435, 24394, 24392, 24425, 24520, 24390, 24607, 24401, 24729, 22561, 22562, 22563, 23800, 24631, 24629, 24627, 24625, 37571, 37570, 37567, 37561, 33195, 33193, 33191, 26366, 21055, 40532, 40535, 40531, 40600, 40605, 40539, 40579, 40543, 40541, 40582, 40537, 40601, 40585, 40530, 40546, 40553, 40572, 40551, 40588, 40570, 40568, 40559, 40561, 40556, 40595, 40598, 40594, 40591, 40565, 40555, 40549, 40575, 40527, 1544, 4811, 1540, 21057, 4206, 1550, 4808, 1546, 22572, 22571, 22570, 23143, 23144, 23101, 23140, 23193, 23192, 23191, 23230, 38410, 37868, 37866, 21059, 16120, 16114, 16117, 16122, 36066, 36065, 36064, 36057, 36061, 21062, 4243, 1566, 4805, 21064, 16054, 16051, 16050, 24537, 24547, 24545, 24539, 24543, 38743, 35976, 35971, 35970, 35969, 35964, 38754, 26266, 26263, 24352, 24350, 24358, 22874, 22871, 22870, 22869, 4210, 39279, 1573, 24553, 4802, 36473, 22305, 21065, 22302, 4208, 1571, 4799, 1569, 1568, 22866, 24346, 24535, 16047, 4239, 4236, 36058, 16111, 23133, 22567, 37929, 1549, 1558, 26364, 25461, 37563, 24623, 25458, 22558, 24388, 39303, 22490, 37786, 22541, 37834, 23161, 22851, 33031, 24486, 24285, 24488, 34081, 24490, 24492, 24494, 34227, 24496, 23458, 4227, 4230, 22481, 41951, 1536, 16038, 24505, 25467, 24556, 24558, 25470, 39119, 22840, 39765, 23310, 22895, 22109, 23384, 33119, 23436, 23361, 39767, 1534, 672, 671]
37234	7857	[42687]
37419	7886	[37400, 39450, 39453, 37405, 37362, 37397, 37409, 38927, 38931, 36432, 36479, 36480, 37219, 36342, 38706, 38779, 38704, 36434, 37198, 38928, 36277, 37402, 21207, 4150, 37428, 38217, 38215, 38209, 38213, 38202, 38219, 38203, 38201, 38200, 38199, 38210, 37322, 37320]
38238	8100	[38271, 38277, 38254, 38249, 38245, 38257, 38270, 38274, 38252, 38248, 38244, 38240, 38265]
40677	8768	[40643, 40633, 13816, 13931, 40660, 40654, 6809, 37203, 37205, 6810, 6181, 13973, 14687, 40665, 40656, 6822, 40651, 40639, 7948, 24643, 38820, 24645, 7945, 13928, 40387, 39157, 39158, 35863, 35866, 35865, 35862, 14009, 6180, 13970, 14681, 14678, 6176, 6177, 40670, 40655, 40644, 40681, 40679]
23694	6021	[0, 15388, 0, 15375, 0, 15376, 15374, 5683, 246, 15397, 260, 5785, 26954, 4042, 24899, 501, 5805, 24897, 24894, 24892, 24890, 24888, 497, 20467, 16261, 36303, 36315, 36304, 36312, 36291, 36330, 38450, 38459, 36296, 36318, 36321, 36289, 36327, 38444, 38453, 38447, 38457, 39975, 38455, 40613, 36282, 36324, 36299, 36292, 36309, 36305, 37019, 37021, 37015, 37011, 37012, 15854, 0, 15905, 0, 15906, 15909, 0, 15915, 15912, 15862, 15860, 15857, 15851, 16027, 39659, 39658, 24987, 38939, 38937, 38923, 38922, 38918, 38920, 33029, 36417, 36418, 33027, 33169, 33167, 33171, 33024, 33020, 34249, 22652, 20279, 34246, 22628, 22634, 22638, 22649, 20282, 22639, 22646, 22632, 22627, 22626, 22614, 33018, 0, 16550, 0, 16551, 0, 16552, 16549, 16030, 16035, 22617, 39656, 37295, 36119, 35984, 35796, 35802, 35799, 35794, 267, 39615, 39631, 39606, 39614, 39629, 39610, 39612, 39603, 39616, 39604, 39601, 39596, 39595, 39594, 39588, 39581, 39591, 0, 15731, 0, 15734, 4030, 277, 15728, 39579, 24973, 0, 15680, 0, 15681, 0, 15682, 15686, 0, 15692, 15679, 210, 15667, 262, 549, 5789, 0, 14975, 0, 14976, 0, 14982, 0, 14983, 14981, 5696, 197, 5798, 5693, 23782, 556, 4050, 39395, 39404, 39393, 39411, 35860, 40694, 10647, 7492, 13404, 13488, 7493, 13407, 13491, 7508, 13527, 20719, 6303, 10708, 10665, 6302, 10656, 40697, 38058, 38069, 38053, 25629, 38000, 38022, 38042, 38063, 38046, 38060, 38049, 38054, 38010, 38043, 38793, 38011, 38066, 7490, 13410, 40706, 38018, 38032, 38039, 38036, 25649, 13521, 38015, 38012, 38007, 38003, 37998, 40700, 6675, 15068, 15072, 15070, 35857, 39399, 39401, 39397, 39408, 39406, 553, 23324, 14731, 14729, 0, 14698, 0, 14701, 0, 14707, 5650, 560, 14690, 24987, 24990, 24991, 24992, 24967, 24966, 24965, 24963, 563, 20139, 0, 15815, 0, 15816, 4689, 579, 15812, 4688, 23352, 581, 23349, 775, 776, 588, 15710, 0, 15720, 0, 15725, 0, 38238, 15714, 38341, 38344, 38333, 38335, 774, 4682, 4685, 4653, 570, 4915, 0, 15767, 15766, 0, 15769, 0, 15770, 15768, 15763, 572, 4912, 40104, 40102, 40089, 40123, 40113, 38736, 37179, 40110, 37669, 40108, 40118, 40121, 40106, 40090, 40085, 40095, 40073, 40072, 22322, 22315, 22316, 16258, 4659, 23567, 0, 15642, 0, 15650, 15637, 574, 4757, 4656, 23570, 22317, 40099, 23573, 4645, 23576, 4648, 565, 562, 23585, 5647, 23582, 555, 548, 16255, 0, 14928, 0, 14929, 14927, 0, 14931, 0, 14932, 14930, 14926, 265, 14850, 282, 286, 40300, 7162, 10332, 7165, 10317, 7286, 10359, 7170, 10374, 6624, 38385, 38382, 38379, 25554, 21726, 7109, 7120, 38398, 10139, 10133, 25556, 21723, 7164, 38377, 10136, 7166, 10320, 7287, 10362, 7171, 10377, 6625, 10329, 6622, 10130, 7118, 38395, 38392, 38402, 38389, 38406, 36046, 36045, 36043, 6897, 10924, 7095, 10960, 25576, 10954, 34758, 10918, 7106, 25560, 25561, 34979, 34994, 34832, 34968, 6030, 10972, 7101, 34923, 34864, 34866, 25527, 13233, 6031, 13257, 34853, 10942, 34811, 34826, 35002, 34834, 34860, 10945, 34946, 34801, 10930, 6898, 34472, 6900, 34954, 6904, 10933, 34808, 34794, 13254, 25600, 10939, 34804, 35198, 13221, 10280, 6712, 13212, 6906, 10912, 34791, 10948, 6720, 34910, 6015, 34771, 34774, 10951, 35219, 6012, 10936, 34474, 34951, 34818, 34822, 7096, 10963, 6899, 10927, 35233, 34962, 10957, 6035, 34764, 10921, 7105, 34839, 25552, 10969, 7172, 11011, 7174, 11014, 34886, 34899, 10978, 34837, 7107, 7169, 10383, 10389, 7108, 7110, 7288, 10380, 10386, 6038, 6037, 10966, 7093, 7091, 10984, 7173, 11008, 34881, 26298, 7175, 26296, 11017, 34897, 10981, 6040, 6039, 7094, 35226, 34938, 34984, 34975, 37926, 0, 14378, 0, 14383, 14358, 0, 14372, 0, 14375, 14359, 14357, 309, 6970, 12797, 21758, 6896, 6059, 12818, 34170, 34178, 34176, 34158, 34869, 13275, 6894, 6734, 12787, 6049, 13281, 6733, 12815, 6731, 13245, 6903, 13266, 6025, 6026, 13272, 6893, 34152, 14262, 6975, 34161, 34160, 6901, 13278, 21676, 23368, 13239, 13242, 25596, 13269, 25616, 6891, 25614, 6028, 6023, 12927, 33077, 33073, 34164, 33071, 33068, 34277, 12839, 20956, 6972, 34279, 12824, 34309, 6358, 12849, 7062, 34274, 34299, 34303, 12843, 7064, 11098, 6980, 11107, 34455, 12806, 6347, 34296, 6346, 34329, 15297, 6879, 34452, 6759, 12790, 6895, 12796, 34290, 42558, 6760, 12793, 6067, 6066, 6969, 34460, 12809, 38765, 34327, 6973, 6880, 12803, 6883, 12768, 34287, 12800, 6867, 12830, 33524, 12756, 33161, 6085, 12836, 6079, 6062, 6881, 34281, 12821, 34301, 34305, 7057, 14446, 6866, 12833, 35869, 12827, 33531, 6865, 12160, 6864, 12163, 7055, 12202, 6982, 12208, 34140, 6093, 33528, 12852, 6091, 35875, 34272, 15301, 12846, 7060, 6342, 34312, 34311, 34322, 35733, 34319, 34318, 393, 317, 318, 350, 0, 14419, 0, 14422, 7221, 0, 14428, 0, 14431, 14401, 4036, 40116, 356, 40114, 352, 354, 348, 364, 402, 0, 14525, 0, 14528, 0, 14531, 14503, 0, 14514, 0, 0, 35994, 14517, 14499, 24878, 4168, 23098, 1178, 5752, 38477, 406, 400, 395, 40049, 34316, 40047, 33066, 302, 307, 305, 303, 301, 40045, 34971, 40043, 287, 0, 14337, 0, 14340, 14320, 0, 14343, 0, 14346, 14321, 4034, 329, 38738, 295, 296, 7584, 13131, 7514, 21768, 21773, 21888, 7517, 35610, 35607, 13455, 34497, 13542, 7511, 13461, 35586, 13125, 10229, 35628, 35634, 7579, 13062, 7552, 13128, 7591, 13056, 13080, 7589, 13059, 13083, 33689, 13143, 5971, 5970, 13140, 7554, 13047, 33703, 13071, 7555, 13044, 33712, 13068, 33743, 7578, 33732, 33715, 21105, 33735, 33721, 21108, 7575, 7574, 33741, 33747, 7573, 13053, 13065, 14315, 33683, 13149, 13146, 5968, 33752, 33749, 5977, 7583, 35626, 35631, 33914, 33112, 33114, 6732, 24604, 12729, 7628, 14271, 14289, 35735, 35742, 35751, 35744, 35746, 36339, 7627, 14272, 14292, 34052, 7643, 13032, 7617, 21117, 7642, 13035, 7637, 13107, 7673, 21123, 5985, 5984, 13104, 13110, 7639, 13113, 35390, 12632, 7630, 5972, 5995, 7629, 14270, 14286, 14267, 34059, 38418, 34057, 34040, 7632, 5973, 13164, 36031, 36025, 6729, 20720, 12723, 13167, 5974, 34039, 34035, 34046, 34043, 0, 14295, 0, 14298, 14266, 14264, 378, 5747, 7683, 7681, 12647, 35318, 35320, 5990, 35805, 12589, 15941, 12629, 36885, 12705, 12644, 7682, 36028, 12726, 6743, 36856, 21678, 5975, 12711, 6752, 34033, 36945, 36965, 36966, 36964, 35352, 7678, 12638, 35737, 12635, 35386, 35378, 7687, 12562, 7638, 13116, 7657, 12526, 7640, 21126, 38505, 5986, 35710, 12544, 5988, 12583, 5992, 7679, 12641, 36901, 36908, 35357, 36831, 36841, 35367, 7676, 13203, 35375, 7634, 13206, 36923, 6757, 12708, 36844, 12714, 6754, 36852, 5994, 5993, 36933, 36915, 7684, 12607, 35388, 7618, 13101, 13119, 7675, 7686, 12565, 35326, 35324, 7672, 7656, 12529, 35689, 38491, 21135, 35282, 35279, 35262, 21132, 5987, 35392, 12547, 5989, 12586, 5991, 36892, 35723, 36869, 34007, 34018, 34030, 420, 402, 401, 1583, 5763, 6755, 12662, 33089, 33087, 33102, 7762, 11996, 6074, 6766, 12674, 34638, 6767, 35243, 6075, 12656, 33100, 33185, 33183, 7719, 12692, 6756, 12665, 34636, 12659, 33414, 36352, 6758, 12668, 36849, 12717, 6071, 12686, 8108, 6072, 6748, 12698, 6073, 33091, 33095, 33093, 33178, 33180, 33176, 417, 23788, 5759, 1585, 16246, 35292, 35688, 12553, 35316, 12592, 35289, 7690, 12571, 35331, 7721, 12595, 35404, 12556, 7712, 12559, 7722, 12604, 35310, 35306, 35308, 6195, 6194, 35333, 7694, 12490, 38507, 21129, 35804, 12550, 35704, 15946, 21138, 35266, 35269, 7714, 35680, 35706, 35335, 35139, 35138, 35137, 421, 424, 425, 0, 14751, 0, 14755, 0, 14758, 14744, 5678, 426, 14741, 5674, 423, 422, 5769, 419, 40041, 34028, 40039, 294, 34036, 376, 374, 372, 371, 33110, 297, 292, 323, 325, 327, 338, 283, 23413, 4015, 23410, 263, 268, 39419, 208, 5686, 273, 36008, 35792, 36011, 16026, 256, 23579, 5680, 248, 39421, 43, 39, 31, 22361]
23696	6022	[0, 15496, 0, 15518, 15495, 49, 15492, 102, 103, 52, 54, 343, 350, 349, 344, 55, 6989, 12190, 35482, 12253, 35509, 35480, 12256, 7044, 12238, 35427, 35423, 12187, 7040, 35439, 35505, 35512, 35498, 7041, 12241, 6098, 12247, 7267, 35429, 12244, 7268, 6856, 12156, 35417, 35408, 12175, 6094, 12169, 7038, 7037, 12184, 35431, 35486, 33536, 12271, 12265, 20717, 35484, 33547, 35472, 12343, 7256, 12304, 7273, 12274, 35478, 35476, 12340, 7254, 12301, 6100, 6101, 12268, 35449, 12313, 12328, 7261, 35456, 12316, 12331, 35462, 35460, 12325, 6102, 35444, 12250, 35502, 35499, 35493, 35121, 35120, 35119, 35118, 6860, 12132, 12138, 6994, 6861, 12135, 34120, 6993, 6985, 12144, 6984, 12178, 33540, 12196, 6095, 34136, 12172, 6992, 12166, 12150, 33771, 33768, 33799, 33788, 6857, 12129, 33846, 12050, 33808, 12078, 33810, 12084, 6792, 12044, 20714, 6877, 12065, 12071, 12075, 33839, 6790, 12047, 6991, 12153, 12126, 33836, 12081, 6127, 33804, 12123, 6785, 12053, 6859, 12096, 6858, 12093, 33848, 12056, 14478, 14475, 6874, 33851, 12026, 6878, 12068, 33857, 12029, 6875, 33817, 14493, 12072, 33813, 33812, 37293, 33796, 33790, 33786, 33761, 34122, 23759, 0, 14451, 0, 14467, 0, 14455, 0, 14456, 14454, 4026, 133, 23809, 4020, 40055, 4024, 130, 5627, 118, 122, 125, 23759, 35873, 0, 14570, 0, 14573, 0, 14576, 0, 14579, 14567, 14564, 14559, 14555, 4738, 153, 14551, 160, 170, 0, 15526, 0, 15525, 0, 15541, 0, 15544, 0, 15561, 15553, 15532, 15527, 21819, 171, 15522, 0, 14911, 0, 14914, 0, 14917, 0, 14920, 14892, 14890, 173, 14855, 439, 16246, 0, 15958, 0, 15959, 15957, 0, 15968, 0, 15969, 15962, 15956, 175, 15938, 0, 15127, 0, 15130, 0, 15131, 0, 15132, 15125, 15123, 177, 5743, 37055, 37061, 37084, 37060, 37095, 37056, 37638, 37072, 37098, 37075, 37078, 37092, 37089, 37069, 37053, 38884, 38888, 41432, 41434, 40506, 37059, 41429, 38885, 37101, 37066, 37081, 7495, 41757, 38558, 36244, 7535, 13335, 38313, 38315, 39042, 36535, 36499, 36505, 36506, 36509, 36502, 36515, 39096, 39054, 38528, 38942, 39076, 39079, 36513, 39097, 36500, 36536, 36511, 39034, 38309, 36494, 13332, 6312, 37112, 37054, 37052, 37104, 36531, 36530, 36529, 25742, 25756, 190, 189, 40347, 13311, 38366, 38363, 38572, 38568, 40013, 38576, 38573, 38570, 40374, 40373, 36127, 36132, 33522, 38781, 38782, 36128, 7480, 13296, 38468, 33519, 33517, 40356, 40366, 25635, 40340, 13341, 25633, 13314, 38544, 38974, 38546, 36604, 36607, 7481, 40344, 13320, 13317, 7494, 38524, 38526, 38552, 38550, 38556, 38553, 38548, 36415, 36540, 37163, 37166, 40383, 40379, 40360, 40363, 40370, 40359, 40354, 40334, 40332, 40329, 5789, 0, 15107, 0, 15116, 0, 15119, 15112, 15106, 195, 15103, 5615, 16249, 191, 36527, 1599, 5705, 1601, 1592, 5699, 1594, 16243, 446, 5602, 5711, 23786, 181, 23784, 4735, 23793, 40062, 40060, 120, 127, 126, 124, 116, 112, 40056, 39415, 40136, 33764, 40138, 40127, 35115, 40129, 40131, 57, 39417, 42284, 42281, 42278, 107, 15488, 33062, 33060, 46, 41, 24945, 26329, 22364]
37226	7853	[22409, 22404, 22405, 20650, 4074, 623, 4440, 25508, 25511, 25509, 38591, 25441, 614, 618, 4295, 20635, 20636, 20638, 20622, 4299, 621, 20700, 4292, 1467, 4061, 20991, 22129, 22124, 22130, 38776, 38775, 38771, 38770, 22237, 39283, 22230, 22231, 4076, 39293, 633, 4817, 33058, 32905, 4431, 20663, 20667, 20666, 22246, 22249, 4437, 627, 4820, 4434, 22232, 38768, 22125, 1457, 4064, 37305, 37298, 37308, 37299, 20175, 4078, 649, 4876, 24235, 24237, 652, 4873, 26079, 26077, 26075, 26069, 20281, 16080, 33085, 39958, 33083, 33081, 16075, 16081, 38847, 38846, 38845, 38844, 38842, 26579, 25837, 20172, 4794, 39291, 657, 4796, 0, 16399, 0, 16403, 4080, 662, 16393, 0, 16434, 0, 16437, 16435, 659, 4921, 20161, 4700, 39269, 664, 4918, 4084, 39265, 688, 4784, 20159, 4449, 684, 4838, 4443, 4446, 1136, 16258, 20158, 33056, 20157, 20177, 16070, 22074, 16069, 16068, 25715, 25714, 25713, 25711, 0, 16287, 0, 16288, 4098, 699, 16284, 35905, 35904, 35903, 35902, 0, 4100, 701, 4781, 35899, 4565, 703, 4775, 20197, 20983, 20198, 20199, 22685, 20987, 38421, 20978, 4102, 20979, 712, 4763, 26391, 706, 40304, 40302, 35777, 35775, 35768, 35767, 0, 16495, 0, 16496, 4642, 759, 4778, 4459, 39267, 1197, 4945, 26745, 26746, 26751, 20078, 4170, 41968, 41964, 1201, 41962, 4468, 20959, 1203, 4948, 41983, 35158, 35162, 35159, 35157, 4186, 39277, 1342, 4939, 1341, 22680, 23050, 22670, 22674, 22675, 4669, 39271, 762, 4942, 20072, 34261, 34262, 34256, 20071, 23685, 765, 4751, 20076, 4162, 39263, 1141, 4754, 34113, 34112, 34111, 34109, 34106, 22660, 23047, 22659, 22655, 4678, 1146, 5177, 20962, 4679, 1144, 5180, 27816, 20080, 20081, 21950, 20082, 35341, 20083, 20968, 21954, 4164, 1148, 4760, 20034, 20033, 20035, 20290, 20288, 4934, 1150, 4936, 27822, 35824, 35823, 35822, 35821, 27821, 37795, 37790, 37789, 22829, 22832, 22826, 22824, 0, 21833, 0, 21844, 21823, 1154, 4924, 22821, 37791, 4930, 4927, 1156, 4674, 4671, 22656, 764, 4665, 1205, 35165, 4464, 22665, 41959, 1200, 1199, 4452, 4639, 35765, 710, 20179, 20180, 22016, 4559, 722, 4951, 22021, 22785, 22784, 22783, 24695, 24693, 24699, 24697, 24691, 24709, 24687, 24683, 24681, 24679, 24677, 24673, 24702, 24704, 24706, 24669, 24658, 38871, 38881, 24667, 24665, 24662, 24660, 24655, 24653, 24675, 24685, 22020, 34748, 34751, 22192, 22185, 22186, 20189, 22030, 22178, 22134, 4550, 22023, 22024, 724, 4955, 37506, 37505, 37497, 37883, 20973, 16139, 16138, 16137, 4479, 39275, 1359, 5193, 4489, 22401, 22398, 24386, 732, 5183, 21275, 21273, 769, 5187, 4535, 1124, 5190, 1347, 21280, 21979, 1126, 4540, 26351, 21278, 21277, 26353, 1348, 4537, 1346, 4531, 25048, 23275, 23263, 23301, 23305, 21271, 39999, 22128, 22196, 22121, 22770, 22763, 22759, 22762, 23660, 23659, 23636, 23642, 37918, 37903, 37902, 37909, 37922, 37934, 23079, 23078, 23077, 37159, 37157, 25765, 37153, 37951, 37950, 37947, 37945, 37942, 37149, 37140, 37138, 37130, 37134, 21025, 4529, 1329, 22892, 39236, 39232, 39231, 39238, 21027, 4154, 1093, 4772, 22430, 22429, 22428, 22733, 22754, 22731, 22751, 22724, 22723, 22722, 22716, 22741, 22745, 22423, 22427, 22424, 39241, 4525, 4522, 37131, 37124, 37150, 37146, 23071, 37910, 37920, 23629, 37889, 22764, 1095, 826, 21001, 4116, 838, 5226, 20999, 4118, 840, 4766, 22419, 22417, 22418, 39695, 20997, 4120, 842, 4870, 22413, 837, 1181, 836, 39723, 39721, 833, 23815, 23813, 22265, 22312, 37450, 37449, 37448, 37444, 23688, 21007, 4601, 1487, 4769, 21009, 4122, 847, 5404, 1215, 1195, 34533, 34540, 38662, 34531, 34534, 34530, 21003, 4633, 1218, 5398, 21005, 4625, 1221, 5401, 22714, 22814, 22707, 22811, 24825, 24823, 24821, 24819, 21011, 4573, 1227, 5223, 21013, 4582, 1237, 5220, 21015, 16149, 16148, 16147, 21017, 4591, 1239, 5217, 21019, 4616, 1243, 5214, 24641, 24639, 24637, 24635, 21021, 4609, 1514, 5211, 21023, 4172, 1248, 5395, 22442, 23663, 22441, 22440, 22445, 39285, 22444, 22443, 22447, 22446, 22439, 22463, 22462, 22461, 26131, 26135, 26129, 39741, 39739, 39737, 26138, 37538, 37551, 37548, 37547, 22336, 23044, 22333, 22334, 22345, 22344, 22343, 22341, 22335, 22331, 37555, 26117, 22464, 22436, 39735, 39733, 39731, 22325, 22324, 22879, 22326, 39727, 39729, 39725, 4606, 24633, 1245, 4612, 39743, 4588, 16143, 4579, 4567, 4570, 24817, 24807, 1225, 26003, 26001, 25994, 25992, 23855, 38462, 23854, 23851, 23850, 23933, 23930, 24010, 23926, 23964, 23961, 23937, 38442, 30448, 23976, 23972, 23968, 23970, 23986, 23985, 23980, 23982, 23995, 23994, 23992, 24220, 24006, 24005, 24001, 24003, 23999, 42291, 23990, 23978, 23974, 24020, 24019, 24014, 24017, 24034, 24033, 24027, 24031, 39258, 39254, 39253, 39252, 24048, 24047, 24045, 24215, 24059, 24058, 24053, 24055, 24072, 24071, 24067, 24069, 37288, 37287, 24377, 24075, 24065, 39751, 24086, 24085, 24082, 24213, 24095, 24094, 24091, 24100, 24110, 24109, 24105, 24107, 24160, 24159, 24157, 24164, 24155, 24126, 24125, 24121, 24123, 24137, 24136, 24131, 24140, 24281, 24280, 24279, 24166, 24142, 33625, 33624, 33618, 33617, 24152, 24151, 24146, 24149, 24176, 24175, 24171, 24173, 24169, 24144, 33615, 24133, 24129, 24119, 24117, 24103, 24089, 24077, 24079, 24063, 39745, 39747, 24051, 39749, 24043, 24040, 39753, 39755, 24024, 24012, 39761, 39763, 39758, 30481, 30463, 30444, 33131, 30425, 30410, 33064, 30420, 22709, 4618, 4627, 4630, 34526, 1191, 4594, 4597, 37445, 37440, 22292, 22288, 22289, 1100, 39715, 39719, 39717, 832, 828, 22122, 822, 23258, 23277, 1121, 4516, 4485, 23198, 23199, 23200, 23201, 23206, 21029, 4498, 1409, 5196, 1416, 39207, 39216, 39214, 39212, 39209, 39183, 1425, 4510, 1427, 5199, 1429, 35089, 35088, 35082, 35081, 35134, 4504, 4507, 21033, 21031, 21032, 4202, 21083, 21906, 1424, 4500, 22480, 22479, 22470, 39689, 39692, 39683, 39686, 22476, 22473, 1423, 1414, 21046, 16088, 1430, 16085, 25778, 25777, 25775, 1422, 0, 16600, 0, 16601, 5206, 1420, 5208, 5202, 1419, 1418, 1413, 1411, 4494, 23202, 39776, 39778, 39780, 1406, 730, 728, 4476, 16134, 37494, 37500, 4543, 4546, 22179, 22187, 24651, 22780, 4555, 4552, 708, 705, 4561, 4092, 4086, 38650, 25709, 33016, 16065, 33014, 695, 1229, 682, 38757, 4693, 38759, 1524, 4703, 1526, 661, 4790, 4787, 26546, 4708, 654, 39960, 37300, 37302, 4058, 4067, 22406, 670]
37228	7854	[4259, 39261, 608, 4826, 4056, 39273, 610, 4829, 39679, 39677, 4245, 4248, 605, 4359, 1252, 4823, 38354, 38351, 38347, 22387, 22386, 22394, 22384, 22932, 22937, 22931, 22930, 20879, 4174, 1262, 4428, 1259, 22581, 22594, 22579, 37482, 37481, 37486, 37558, 20881, 4369, 1264, 5168, 22590, 23550, 22598, 22588, 35028, 35024, 35023, 35019, 20883, 16158, 16157, 16156, 20875, 4176, 1272, 5171, 35041, 35036, 35035, 35034, 35031, 38416, 20877, 4407, 1270, 4958, 27007, 27004, 27002, 27000, 20885, 4402, 1278, 4961, 4971, 20888, 1506, 4973, 35097, 37291, 35096, 35095, 23402, 23401, 23400, 23398, 35092, 20891, 4983, 1288, 4985, 22147, 22145, 22175, 22139, 20893, 5007, 1280, 23181, 20895, 5016, 1282, 5018, 37996, 37994, 37987, 37985, 34345, 34344, 34340, 34341, 20897, 5028, 1284, 5030, 21201, 23091, 21237, 21229, 1286, 5033, 39701, 20907, 22954, 21997, 22957, 21994, 1292, 5036, 33554, 33656, 33654, 33649, 33648, 33665, 33664, 33663, 33662, 33673, 33672, 33671, 33670, 33556, 33660, 39697, 33646, 37674, 42716, 20910, 5046, 1305, 5048, 25068, 25066, 25062, 25060, 20912, 5058, 1307, 5060, 20914, 5527, 1309, 20915, 20873, 5509, 1311, 23225, 38074, 20853, 20850, 5518, 1313, 22978, 0, 4184, 1318, 5250, 35048, 35047, 35049, 35046, 33245, 33243, 33241, 33226, 35043, 22920, 35533, 35530, 22906, 22905, 22904, 33224, 38427, 0, 16655, 1316, 16652, 22897, 1315, 5511, 5514, 5505, 5523, 5054, 25070, 25050, 5039, 1303, 42704, 1291, 33266, 39699, 1290, 5024, 5021, 39703, 34337, 5009, 37990, 37981, 5012, 39705, 39707, 23175, 5003, 22140, 4979, 37472, 23395, 4967, 4964, 39709, 39711, 4395, 26998, 1276, 39713, 4404, 1269, 16153, 35016, 35020, 22585, 4362, 37483, 22576, 1261, 22927, 22380, 38348, 4356, 603, 590]
37230	7855	[20600, 4104, 738, 4832, 24308, 24304, 26272, 24302, 20596, 4848, 736, 4850, 734, 20633, 4308, 642, 4841, 4301, 20602, 20625, 20626, 20630, 20608, 20605, 20619, 20612, 20609, 4907, 644, 25033, 4908, 20692, 20594, 4886, 740, 4887, 743, 0, 23525, 23524, 744, 4835, 40521, 40520, 40519, 40518, 20583, 20580, 20582, 20581, 20591, 20585, 4861, 21778, 542, 4863, 26111, 26109, 26107, 26105, 37739, 37735, 37734, 37733, 0, 16315, 0, 16317, 4048, 530, 532, 389, 0, 15582, 0, 15583, 5576, 481, 15584, 5572, 486, 484, 37731, 26103, 537, 4856, 4853, 40515, 742, 4882, 735, 4844, 24300, 25422, 25438, 22683, 38978, 38976, 21781, 21975, 756, 23041, 21464, 4270, 863, 5386, 35651, 35652, 35650, 35648, 21466, 4323, 866, 5174, 21468, 21469, 1510, 5159, 21472, 4333, 869, 5156, 873, 35078, 35077, 35074, 35073, 21452, 4342, 1364, 5415, 21450, 4190, 1369, 5418, 21372, 4192, 1373, 5421, 1367, 21454, 4194, 1380, 5424, 25514, 21456, 4351, 1383, 4371, 21458, 4352, 1385, 5427, 21460, 4196, 1387, 5430, 4347, 4344, 1376, 1368, 4338, 874, 39769, 35070, 21462, 4378, 879, 5165, 885, 899, 898, 16490, 21488, 38323, 16492, 21491, 38327, 38325, 16523, 5075, 4389, 21484, 4416, 907, 5389, 22508, 22507, 22506, 26378, 26377, 26376, 26375, 21486, 4419, 911, 5392, 21374, 5458, 914, 22975, 21378, 5069, 917, 5072, 21376, 4124, 920, 5433, 23187, 21380, 21381, 5236, 21384, 924, 5233, 35815, 35819, 35814, 35811, 35810, 21387, 5084, 1006, 5087, 21189, 5245, 1355, 5247, 36196, 36195, 36194, 36204, 36192, 36201, 36451, 36461, 36458, 36449, 21389, 5443, 931, 5445, 21391, 4126, 28579, 28581, 28575, 21393, 4128, 936, 5448, 21539, 16180, 16179, 16178, 24600, 24598, 24596, 24594, 34102, 34101, 34097, 34098, 16197, 16192, 16194, 21541, 16190, 16187, 16186, 16184, 34094, 24568, 39136, 39134, 16176, 39132, 28573, 28589, 5436, 928, 21395, 21396, 5097, 21403, 1008, 5099, 21399, 5109, 1010, 5111, 24328, 24324, 24319, 24259, 21401, 5475, 1012, 22913, 21406, 5124, 1496, 5126, 21408, 5467, 1014, 16231, 37465, 37464, 37455, 37477, 23480, 23479, 23478, 23477, 21410, 16215, 16214, 16213, 21414, 4146, 1021, 5129, 24959, 21412, 16096, 16090, 16093, 39140, 39138, 38511, 39144, 39142, 16219, 5494, 21416, 21417, 21421, 1023, 23035, 21424, 16227, 16226, 16225, 34194, 34193, 34192, 34191, 21427, 21426, 5139, 1025, 5141, 36520, 21430, 21431, 5485, 21434, 1027, 23038, 5481, 5478, 39148, 39146, 5135, 5132, 34188, 39152, 39150, 16222, 5490, 5487, 32013, 1031, 32080, 23462, 16209, 23474, 37458, 16199, 5463, 32108, 5120, 5117, 5469, 5472, 25624, 24239, 24255, 5105, 5102, 5093, 5090, 38110, 37474, 5241, 5238, 930, 5081, 5078, 35808, 5229, 922, 5063, 5066, 5454, 5451, 39771, 4420, 4423, 26373, 26385, 26383, 22503, 4413, 4410, 5408, 5412, 897, 891, 0, 4386, 881, 5162, 21475, 4380, 4374, 872, 4326, 4329, 4320, 4317, 35645, 24360, 4266, 4263, 861, 859, 39681, 4255, 4252, 25473, 25436, 25430, 40125, 84]
40716	8778	[34422, 34413, 34407, 27616, 22061, 22063, 22067, 21564, 21675, 21674, 22053, 21919, 1083, 22058, 22213, 22219, 22221, 22212, 22214, 4152, 1085, 22947, 21243, 21247, 21987, 21244, 21224, 22210, 22207, 22200, 22227, 22203, 22224, 25986, 25985, 25984, 25982, 25980, 5737, 5596, 21221, 21225, 21810, 21947, 1090, 23068, 27647, 4156, 1108, 5765, 21266, 21269, 22005, 4158, 1112, 22950, 21222, 40986, 40982, 4723, 1110, 23028, 4720, 1107, 1105, 1104, 4714, 23321, 1082, 38289, 34575, 20352, 38290, 20355, 34605, 34612, 22307, 7925, 20358, 7919, 20367, 38464, 7909, 20335, 23452, 34600, 6403, 38465, 7887, 7916, 20387, 6400, 20384, 6402, 7911, 7914, 20373, 6404, 20361, 7926, 34583, 7915, 7918, 20370, 7913, 20382, 7917, 20379, 34590, 20390, 40710, 36262, 6401, 7912, 7910, 20376, 6405, 6399, 20364, 7927, 34578, 35192, 34608, 34615, 34619, 34604, 34602, 34621, 34652, 1071, 0, 15612, 0, 15618, 0, 15653, 0, 15660, 0, 15664, 15611, 21806, 1062, 15599, 0, 37419, 1073, 22863, 0, 15358, 0, 15336, 0, 15337, 0, 15338, 15335, 4729, 21813, 1053, 15339, 27349, 36138, 36135, 40460, 40484, 40459, 40463, 40457, 40481, 40477, 40456, 40472, 35911, 35910, 1058, 0, 15629, 0, 15632, 4739, 21816, 471, 15621, 38372, 38371, 122, 140, 0, 15405, 0, 15406, 15403, 21797, 461, 15400, 459, 25637, 0, 14671, 0, 14674, 4052, 585, 14667, 24934, 0, 15845, 0, 15848, 5546, 21788, 21929, 478, 15841, 23624, 23621, 23612, 23616, 23245, 23244, 23243, 23242, 23241, 0, 14661, 0, 14664, 4044, 21791, 518, 14650, 23238, 0, 14773, 0, 14774, 14780, 14771, 0, 14775, 0, 14776, 14781, 14772, 14770, 513, 14767, 389, 37797, 36675, 36754, 36638, 36772, 36673, 36739, 36781, 36668, 36793, 36671, 36666, 36790, 36725, 36736, 36742, 36724, 36760, 36730, 36757, 36664, 36674, 36751, 36676, 36670, 36763, 36669, 36667, 36802, 36818, 36821, 36817, 36692, 36799, 36705, 36796, 36702, 36748, 36699, 36745, 36829, 36826, 36610, 36637, 36769, 36636, 36661, 36784, 36633, 36682, 36778, 36683, 36685, 36634, 36775, 36653, 36650, 36766, 36635, 36659, 36805, 36620, 36808, 36629, 36628, 36787, 36626, 36811, 36619, 36814, 36618, 36656, 36611, 34070, 34069, 34068, 34067, 26961, 20474, 20473, 20476, 20488, 20541, 22271, 20489, 20544, 37635, 20472, 20492, 38984, 20485, 20559, 20471, 20470, 20556, 20475, 20480, 20494, 37840, 20496, 20532, 20526, 20495, 20501, 20547, 20538, 20497, 20529, 38593, 38596, 20500, 20550, 20535, 20515, 20518, 20523, 20506, 20553, 20502, 20503, 21932, 524, 23251, 5785, 0, 15310, 0, 15311, 0, 15312, 15309, 4290, 495, 5802, 4286, 23740, 523, 34064, 34707, 35623, 34708, 7325, 34719, 7331, 34699, 11302, 6493, 11320, 6492, 11191, 34709, 34688, 7298, 7300, 7208, 11173, 7297, 11182, 7326, 11188, 6490, 7203, 34670, 34673, 11176, 6489, 7238, 11194, 34696, 7240, 7237, 11197, 7332, 11305, 6491, 34703, 11185, 6488, 34716, 34691, 34678, 34662, 34661, 34660, 40420, 40410, 40408, 393, 40051, 40053, 0, 15265, 0, 15266, 15264, 0, 15277, 0, 15278, 0, 15279, 15275, 15263, 391, 15260, 5668, 40401, 34663, 483, 16266, 5638, 511, 39782, 39427, 517, 23613, 23602, 5542, 23742, 456, 467, 455, 463, 38369, 34335, 4732, 34333, 27346, 4726, 1055, 37468, 1066, 1061, 36986, 36988, 37006, 34405, 34401, 42655, 34399, 34393, 34387, 37846, 37853, 37849, 69]
4212	526	[0, 40716, 5653]
23692	6020	[37004, 65, 20665, 20670, 22046, 4225, 75, 22050, 4221, 0, 37228, 0, 37230, 596, 0, 37224, 0, 37226, 1337, 594, 23421, 1076, 22353, 22352, 22357]
4218	528	[0, 23694, 35884, 35883, 35882, 35881, 90, 0, 23696, 22371, 0, 23692, 22374, 35878, 22368, 28, 5659]